Wavelength (nm)	Extinction Coefficient
100	      0.004588566
100.0901713	0.004602116
100.1805054	0.004615726
100.2710027	0.004629397
100.3616637	0.004643128
100.4524887	0.004656921
100.5434783	0.004670775
100.6346328	0.004684691
100.7259528	0.00469867
100.8174387	0.004712711
100.9090909	0.004726815
101.0009099	0.004740982
101.0928962	0.004755213
101.1850501	0.004769509
101.2773723	0.004783869
101.369863	0.004798294
101.4625229	0.004812784
101.5553522	0.00482734
101.6483516	0.004841962
101.7415215	0.00485665
101.8348624	0.004871406
101.9283747	0.004886229
102.0220588	0.004901119
102.1159154	0.004916078
102.2099448	0.004931105
102.3041475	0.004946201
102.398524	0.004961367
102.4930748	0.004976603
102.5878004	0.004991909
102.6827012	0.005007285
102.7777778	0.005022733
102.8730306	0.005038252
102.9684601	0.005053843
103.0640669	0.005069507
103.1598513	0.005085244
103.255814	0.005101054
103.3519553	0.005116937
103.4482759	0.005132896
103.5447761	0.005148928
103.6414566	0.005165037
103.7383178	0.00518122
103.8353601	0.00519748
103.9325843	0.005213817
104.0299906	0.005230231
104.1275797	0.005246722
104.2253521	0.005263291
104.3233083	0.005279939
104.4214487	0.005296667
104.519774	0.005313473
104.6182846	0.00533036
104.7169811	0.005347328
104.815864	0.005364376
104.9149338	0.005381506
105.0141911	0.005398719
105.1136364	0.005416014
105.2132701	0.005433392
105.313093	0.005450854
105.4131054	0.005468401
105.513308	0.005486032
105.6137012	0.005503748
105.7142857	0.005521551
105.815062	0.00553944
105.9160305	0.005557416
106.017192	0.005575479
106.1185468	0.005593631
106.2200957	0.005611872
106.3218391	0.005630202
106.4237776	0.005648622
106.5259117	0.005667132
106.6282421	0.005685734
106.7307692	0.005704427
106.8334937	0.005723213
106.9364162	0.005742091
107.0395371	0.005761063
107.1428571	0.005780129
107.2463768	0.00579929
107.3500967	0.005818546
107.4540174	0.005837899
107.5581395	0.005857348
107.6624636	0.005876894
107.7669903	0.005896539
107.8717201	0.005916282
107.9766537	0.005936124
108.0817916	0.005956066
108.1871345	0.005976109
108.2926829	0.005996253
108.3984375	0.0060165
108.5043988	0.006036848
108.6105675	0.006057301
108.7169442	0.006077857
108.8235294	0.006098518
108.9303238	0.006119285
109.0373281	0.006140158
109.1445428	0.006161137
109.2519685	0.006182225
109.3596059	0.006203421
109.4674556	0.006224726
109.5755183	0.006246141
109.6837945	0.006267666
109.7922849	0.006289303
109.9009901	0.006311053
110.0099108	0.006332915
110.1190476	0.006354891
110.2284012	0.006376981
110.3379722	0.006399187
110.4477612	0.006421509
110.5577689	0.006443948
110.667996	0.006466505
110.7784431	0.006489181
110.8891109	0.006511975
111	      0.00653489
111.1111111	0.006557927
111.2224449	0.006581085
111.334002	0.006604366
111.4457831	0.006627771
111.5577889	0.0066513
111.6700201	0.006674955
111.7824773	0.006698736
111.8951613	0.006722645
112.0080727	0.006746681
112.1212121	0.006770847
112.2345804	0.006795143
112.3481781	0.006819569
112.4620061	0.006844128
112.5760649	0.006868819
112.6903553	0.006893645
112.804878	0.006918605
112.9196338	0.006943701
113.0346232	0.006968933
113.1498471	0.006994304
113.2653061	0.007019813
113.381001	0.007045461
113.4969325	0.007071251
113.6131013	0.007097182
113.7295082	0.007123256
113.8461538	0.007149475
113.963039	0.007175838
114.0801644	0.007202347
114.1975309	0.007229003
114.315139	0.007255807
114.4329897	0.007282761
114.5510836	0.007309865
114.6694215	0.007337121
114.7880041	0.007364529
114.9068323	0.007392091
115.0259067	0.007419808
115.1452282	0.007447681
115.2647975	0.007475712
115.3846154	0.007503901
115.5046826	0.007532249
115.625	0.007560759
115.7455683	0.00758943
115.8663883	0.007618265
115.9874608	0.007647265
116.1087866	0.00767643
116.2303665	0.007705762
116.3522013	0.007735263
116.4742917	0.007764934
116.5966387	0.007794775
116.7192429	0.007824789
116.8421053	0.007854976
116.9652266	0.007885338
117.0886076	0.007915877
117.2122492	0.007946593
117.3361522	0.007977488
117.4603175	0.008008564
117.5847458	0.008039821
117.709438	0.008071262
117.8343949	0.008102887
117.9596174	0.008134699
118.0851064	0.008166698
118.2108626	0.008198887
118.336887	0.008231266
118.4631804	0.008263836
118.5897436	0.008296601
118.7165775	0.008329561
118.8436831	0.008362717
118.9710611	0.008396072
119.0987124	0.008429627
119.226638	0.008463383
119.3548387	0.008497342
119.4833154	0.008531505
119.612069	0.008565875
119.7411003	0.008600454
119.8704104	0.008635241
120   	0.00867024
120.1298701	0.008705453
120.2600217	0.00874088
120.3904555	0.008776523
120.5211726	0.008812385
120.6521739	0.008848468
120.7834603	0.008884772
120.9150327	0.008921299
121.046892	0.008958053
121.1790393	0.008995034
121.3114754	0.009032244
121.4442013	0.009069685
121.577218	0.00910736
121.7105263	0.00914527
121.8441273	0.009183417
121.978022	0.009221802
122.1122112	0.009260429
122.246696	0.009299299
122.3814774	0.009338414
122.5165563	0.009377776
122.6519337	0.009417387
122.7876106	0.00945725
122.923588	0.009497366
123.059867	0.009537738
123.1964484	0.009578368
123.3333333	0.009619257
123.4705228	0.009660409
123.6080178	0.009701826
123.7458194	0.009743509
123.8839286	0.009785461
124.0223464	0.009827684
124.1610738	0.009870181
124.300112	0.009912955
124.4394619	0.009956006
124.5791246	0.009999339
124.7191011	0.010042955
124.8593926	0.010086856
125	      0.010131046
125.1409245	0.010175527
125.282167	0.010220301
125.4237288	0.010265371
125.5656109	0.01031074
125.7078143	0.01035641
125.8503401	0.010402384
125.9931896	0.010448664
126.1363636	0.010495254
126.2798635	0.010542155
126.4236902	0.010589372
126.5678449	0.010636906
126.7123288	0.010684761
126.8571429	0.010732939
127.0022883	0.010781444
127.1477663	0.010830278
127.293578	0.010879444
127.4397245	0.010928945
127.5862069	0.010978785
127.7330265	0.011028967
127.8801843	0.011079492
128.0276817	0.011130366
128.1755196	0.01118159
128.3236994	0.011233169
128.4722222	0.011285105
128.6210892	0.011337402
128.7703016	0.011390062
128.9198606	0.011443091
129.0697674	0.01149649
129.2200233	0.011550263
129.3706294	0.011604414
129.5215869	0.011658947
129.6728972	0.011713864
129.8245614	0.011769171
129.9765808	0.011824869
130.1289566	0.011880963
130.2816901	0.011937458
130.4347826	0.011994355
130.5882353	0.01205166
130.7420495	0.012109377
130.8962264	0.012167508
131.0507674	0.012226059
131.2056738	0.012285033
131.3609467	0.012344434
131.5165877	0.012404267
131.6725979	0.012464536
131.8289786	0.012525244
131.9857313	0.012586396
132.1428571	0.012647997
132.3003576	0.012710051
132.4582339	0.012772562
132.6164875	0.012835535
132.7751196	0.012898975
132.9341317	0.012962885
133.0935252	0.013027271
133.2533013	0.013092138
133.4134615	0.013157489
133.5740072	0.013223331
133.7349398	0.013289668
133.8962606	0.013356504
134.057971	0.013423846
134.2200726	0.013491697
134.3825666	0.013560064
134.5454545	0.013628951
134.7087379	0.013698363
134.872418	0.013768307
135.0364964	0.013838787
135.2009744	0.013909809
135.3658537	0.013981379
135.5311355	0.014053502
135.6968215	0.014126183
135.8629131	0.014199429
136.0294118	0.014273246
136.196319	0.014347639
136.3636364	0.014422615
136.5313653	0.014498179
136.6995074	0.014574337
136.8680641	0.014651097
137.037037	0.014728464
137.2064277	0.014806444
137.3762376	0.014885045
137.5464684	0.014964272
137.7171216	0.015044133
137.8881988	0.015124634
138.0597015	0.015205782
138.2316314	0.015287584
138.40399	0.015370047
138.576779	0.015453178
138.75	0.015536984
138.9236546	0.015621473
139.0977444	0.015706652
139.272271	0.015792529
139.4472362	0.015879111
139.6226415	0.015966406
139.7984887	0.016054422
139.9747793	0.016143166
140.1515152	0.016232647
140.3286979	0.016322873
140.5063291	0.016413853
140.6844106	0.016505594
140.8629442	0.016598105
141.0419314	0.016691395
141.221374	0.016785472
141.4012739	0.016880346
141.5816327	0.016976025
141.7624521	0.017072518
141.943734	0.017169836
142.1254802	0.017267986
142.3076923	0.017366979
142.4903723	0.017466825
142.6735219	0.017567532
142.8571429	0.017669111
143.0412371	0.017771573
143.2258065	0.017874927
143.4108527	0.017979183
143.5963777	0.018084353
143.7823834	0.018190447
143.9688716	0.018297475
144.1558442	0.018405449
144.343303	0.01851438
144.53125	0.018624279
144.7196871	0.018735158
144.9086162	0.018847028
145.0980392	0.018959901
145.2879581	0.019073789
145.4783748	0.019188704
145.6692913	0.019304659
145.8607096	0.019421667
146.0526316	0.019539739
146.2450593	0.019658889
146.4379947	0.01977913
146.6314399	0.019900475
146.8253968	0.020022938
147.0198675	0.020146533
147.2148541	0.020271273
147.4103586	0.020397173
147.606383	0.020524247
147.8029294	0.02065251
148	      0.020781976
148.1975968	0.020912661
148.3957219	0.021044579
148.5943775	0.021177747
148.7935657	0.021312181
148.9932886	0.021447895
149.1935484	0.021584907
149.3943472	0.021723233
149.5956873	0.02186289
149.7975709	0.022003894
150   	0.022146264
150.202977	0.022290017
150.4065041	0.022435171
150.6105834	0.022581744
150.8152174	0.022729754
151.0204082	0.022879221
151.226158	0.023030163
151.4324693	0.0231826
151.6393443	0.023336551
151.8467852	0.023492037
152.0547945	0.023649078
152.2633745	0.023807695
152.4725275	0.023967909
152.6822558	0.024129741
152.892562	0.024293213
153.1034483	0.024458348
153.3149171	0.024625167
153.526971	0.024793694
153.7396122	0.024963952
153.9528433	0.025135965
154.1666667	0.025309756
154.3810848	0.025485351
154.5961003	0.025662774
154.8117155	0.025842051
155.027933	0.026023207
155.2447552	0.026206269
155.4621849	0.026391264
155.6802244	0.026578218
155.8988764	0.026767159
156.1181435	0.026958116
156.3380282	0.027151117
156.5585331	0.027346191
156.779661	0.027543368
157.0014144	0.027742678
157.223796	0.027944153
157.4468085	0.028147822
157.6704545	0.028353718
157.8947368	0.028561874
158.1196581	0.028772323
158.3452211	0.028985097
158.5714286	0.029200232
158.7982833	0.029417763
159.025788	0.029637724
159.2539455	0.029860152
159.4827586	0.030085084
159.7122302	0.030312558
159.9423631	0.030542611
160.1731602	0.030775283
160.4046243	0.031010613
160.6367583	0.031248642
160.8695652	0.031489411
161.1030479	0.031732962
161.3372093	0.031979338
161.5720524	0.032228582
161.8075802	0.032480739
162.0437956	0.032735854
162.2807018	0.032993974
162.5183016	0.033255145
162.7565982	0.033519415
162.9955947	0.033786835
163.2352941	0.034057452
163.4756996	0.034331319
163.7168142	0.034608487
163.9586411	0.034889009
164.2011834	0.035172939
164.4444444	0.035460333
164.6884273	0.035751246
164.9331352	0.036045737
165.1785714	0.036343862
165.4247392	0.036645683
165.6716418	0.036951259
165.9192825	0.037260654
166.1676647	0.03757393
166.4167916	0.037891153
166.6666667	0.038212388
166.9172932	0.038537704
167.1686747	0.038867168
167.4208145	0.039200851
167.673716	0.039538826
167.9273828	0.039881165
168.1818182	0.040227943
168.4370258	0.040579237
168.6930091	0.040935126
168.9497717	0.041295688
169.2073171	0.041661006
169.4656489	0.042031162
169.7247706	0.042406243
169.9846861	0.042786334
170.2453988	0.043171526
170.5069124	0.043561908
170.7692308	0.043957574
171.0323575	0.044358619
171.2962963	0.04476514
171.561051	0.045177235
171.8266254	0.045595008
172.0930233	0.04601856
172.3602484	0.046448
172.6283048	0.046883434
172.8971963	0.047324975
173.1669267	0.047772736
173.4375	0.048226833
173.7089202	0.048687385
173.9811912	0.049154514
174.2543171	0.049628344
174.5283019	0.050109004
174.8031496	0.050596622
175.0788644	0.051091334
175.3554502	0.051593276
175.6329114	0.052102587
175.911252	0.052619412
176.1904762	0.053143897
176.4705882	0.053676193
176.7515924	0.054216453
177.0334928	0.054764836
177.3162939	0.055321504
177.6  	0.055886621
177.8846154	0.056460359
178.1701445	0.05704289
178.4565916	0.057634394
178.7439614	0.058235053
179.0322581	0.058845055
179.3214863	0.059464592
179.6116505	0.060093862
179.9027553	0.060733065
180.1948052	0.061382411
180.4878049	0.062042111
180.781759	0.062712384
181.0766721	0.063393453
181.372549	0.064085549
181.6693944	0.064788907
181.9672131	0.06550377
182.2660099	0.066230385
182.5657895	0.066969008
182.8665568	0.067719901
183.1683168	0.068483332
183.4710744	0.069259578
183.7748344	0.070048923
184.079602	0.070851658
184.3853821	0.071668083
184.6921797	0.072498504
185	      0.073343238
185.3088481	0.074202611
185.6187291	0.075076956
185.9296482	0.075966617
186.2416107	0.076871946
186.5546218	0.077793307
186.8686869	0.078731072
187.1838111	0.079685627
187.5 	0.080657366
187.8172589	0.081646696
188.1355932	0.082654034
188.4550085	0.083679812
188.7755102	0.084724472
189.0971039	0.08578847
189.4197952	0.086872276
189.7435897	0.087976374
190.0684932	0.08910126
190.3945111	0.090247448
190.7216495	0.091415467
191.0499139	0.092605859
191.3793103	0.093819186
191.7098446	0.095056026
192.0415225	0.096316975
192.3743501	0.097602645
192.7083333	0.09891367
193.0434783	0.100250703
193.3797909	0.101614417
193.7172775	0.103005504
194.0559441	0.104424683
194.3957968	0.10587269
194.7368421	0.107350289
195.0790861	0.108858265
195.4225352	0.11039743
195.7671958	0.111968623
196.1130742	0.113572708
196.460177	0.115210579
196.8085106	0.116883157
197.1580817	0.118591395
197.5088968	0.120336278
197.8609626	0.122118822
198.2142857	0.123940077
198.568873	0.125801128
198.9247312	0.127703098
199.2818671	0.129647145
199.6402878	0.131634469
200	      0.133666308
200.3610108	0.135743944
200.7233273	0.137868701
201.0869565	0.140041951
201.4519056	0.142265111
201.8181818	0.144539647
202.1857923	0.146867076
202.5547445	0.14924897
202.9250457	0.151686951
203.2967033	0.154182702
203.6697248	0.156737963
204.0441176	0.159354534
204.4198895	0.162034281
204.797048	0.164779135
205.1756007	0.167591092
205.5555556	0.170472224
205.9369202	0.173424673
206.3197026	0.176450657
206.7039106	0.179552474
207.0895522	0.182732504
207.4766355	0.185993211
207.8651685	0.189337146
208.2551595	0.192766953
208.6466165	0.196285367
209.039548	0.199895222
209.4339623	0.203599453
209.8298677	0.207401098
210.2272727	0.211303303
210.626186	0.215309323
211.026616	0.219422529
211.4285714	0.223646411
211.8320611	0.227984576
212.2370937	0.232440761
212.6436782	0.237018826
213.0518234	0.241722766
213.4615385	0.246556711
213.8728324	0.251524926
214.2857143	0.25663182
214.7001934	0.261881944
215.1162791	0.267279996
215.5339806	0.272830821
215.9533074	0.278539417
216.374269	0.284410932
216.796875	0.290450665
217.221135	0.29666407
217.6470588	0.303056752
218.0746562	0.309634467
218.503937	0.316403121
218.9349112	0.323368762
219.3675889	0.330537582
219.8019802	0.337915906
220.2380952	0.345510184
220.6759443	0.353326986
221.1155378	0.361372985
221.5568862	0.369654948
222	      0.378179714
222.4448898	0.386954181
222.8915663	0.395985275
223.3400402	0.405279931
223.7903226	0.414845061
224.2424242	0.424687513
224.6963563	0.43481404
225.1521298	0.445231248
225.6097561	0.455945549
226.0692464	0.466963102
226.5306122	0.478289748
226.993865	0.48993094
227.4590164	0.501891659
227.926078	0.514176332
228.3950617	0.526788729
228.8659794	0.539731859
229.338843	0.553007851
229.8136646	0.566617831
230.2904564	0.58056178
230.7692308	0.594838387
231.25	0.609444894
231.7327766	0.624376927
232.2175732	0.639628317
232.7044025	0.655190917
233.1932773	0.671054411
233.6842105	0.687206116
234.1772152	0.703630783
234.6723044	0.720310404
235.1694915	0.737224012
235.6687898	0.754347499
236.1702128	0.771653445
236.673774	0.789110965
237.1794872	0.806685583
237.6873662	0.824339136
238.1974249	0.84202972
238.7096774	0.859711682
239.2241379	0.877335673
239.7408207	0.894848752
240.2597403	0.912194576
240.7809111	0.929313658
241.3043478	0.946143707
241.8300654	0.962620062
242.3580786	0.978676212
242.8884026	0.994244399
243.4210526	1.009256314
243.956044	1.023643866
244.4933921	1.037340019
245.0331126	1.050279686
245.5752212	1.062400657
246.1197339	1.073644546
246.6666667	1.083957737
247.2160356	1.09329229
247.7678571	1.101606805
248.3221477	1.108867195
248.8789238	1.115047367
249.4382022	1.120129765
250	      1.124105781
250.5643341	1.126976005
251.1312217	1.128750305
251.7006803	1.129447749
252.2727273	1.129096352
252.8473804	1.127732669
253.4246575	1.12540124
254.0045767	1.122153915
254.587156	1.118049062
255.1724138	1.113150702
255.7603687	1.107527577
256.3510393	1.101252187
256.9444444	1.094399816
257.5406032	1.087047566
258.1395349	1.079273422
258.7412587	1.071155359
259.3457944	1.062770513
259.9531616	1.054194404
260.5633803	1.045500247
261.1764706	1.036758324
261.7924528	1.02803543
262.4113475	1.019394394
263.0331754	1.010893652
263.6579572	1.002586888
264.2857143	0.994522715
264.9164678	0.986744398
265.5502392	0.979289612
266.1870504	0.97219022
266.8269231	0.965472067
267.4698795	0.959154797
268.115942	0.953251663
268.7651332	0.947769356
269.4174757	0.942707842
270.0729927	0.938060207
270.7317073	0.933812531
271.393643	0.929943782
272.0588235	0.92642577
272.7272727	0.92322315
273.3990148	0.920293513
274.0740741	0.917587579
274.7524752	0.915049507
275.4342432	0.912617362
276.119403	0.910223738
276.80798	0.907796563
277.5 	0.905260092
278.1954887	0.902536085
278.8944724	0.899545172
279.5969773	0.89620836
280.3030303	0.892448675
281.0126582	0.888192862
281.7258883	0.883373111
282.4427481	0.877928729
283.1632653	0.871807681
283.887468	0.864967947
284.6153846	0.857378606
285.3470437	0.849020613
286.0824742	0.83988722
286.8217054	0.829984011
287.5647668	0.819328571
288.3116883	0.807949792
289.0625	0.795886865
289.8172324	0.783188012
290.5759162	0.769909018
291.3385827	0.756111644
292.1052632	0.741861994
292.8759894	0.727228884
293.6507937	0.71228231
294.4297082	0.69709202
295.212766	0.681726264
296   	0.666250723
296.7914439	0.650727637
297.5871314	0.635215127
298.3870968	0.619766712
299.1913747	0.604430998
300	      0.589251526
300.8130081	0.574266748
301.6304348	0.559510119
302.4523161	0.545010279
303.2786885	0.530791297
304.109589	0.516872969
304.9450549	0.503271143
305.785124	0.489998065
306.6298343	0.477062725
307.4792244	0.464471211
308.3333333	0.452227034
309.1922006	0.440331456
310.0558659	0.428783783
310.9243697	0.417581644
311.7977528	0.406721245
312.6760563	0.396197599
313.559322	0.38600473
314.4475921	0.376135862
315.3409091	0.366583581
316.2393162	0.357339974
317.1428571	0.348396759
318.0515759	0.339745393
318.9655172	0.331377163
319.8847262	0.323283266
320.8092486	0.315454879
321.7391304	0.307883213
322.6744186	0.30055956
323.6151603	0.293475336
324.5614035	0.286622107
325.5131965	0.279991619
326.4705882	0.273575816
327.4336283	0.267366854
328.4023669	0.261357114
329.3768546	0.25553921
330.3571429	0.249905993
331.3432836	0.244450554
332.3353293	0.239166223
333.3333333	0.234046571
334.3373494	0.229085403
335.347432	0.224276759
336.3636364	0.219614907
337.3860182	0.215094336
338.4146341	0.210709755
339.4495413	0.206456082
340.4907975	0.202328438
341.5384615	0.198322146
342.5925926	0.194432715
343.6532508	0.190655841
344.7204969	0.186987395
345.7943925	0.183423421
346.875	0.179960124
347.9623824	0.176593866
349.0566038	0.173321162
350.1577287	0.170138669
351.2658228	0.167043183
352.3809524	0.164031632
353.5031847	0.161101071
354.6325879	0.158248676
355.7692308	0.155471739
356.9131833	0.152767663
358.0645161	0.150133955
359.223301	0.147568226
360.3896104	0.145068182
361.5635179	0.142631623
362.745098	0.140256434
363.9344262	0.137940588
365.1315789	0.135682138
366.3366337	0.133479212
367.5496689	0.131330013
368.7707641	0.129232815
370	      0.127185958
371.2374582	0.125187847
372.4832215	0.123236949
373.7373737	0.121331789
375	      0.119470948
376.2711864	0.117653061
377.5510204	0.115876815
378.8395904	0.114140945
380.1369863	0.112444234
381.443299	0.11078551
382.7586207	0.109163643
384.083045	0.107577546
385.4166667	0.106026171
386.7595819	0.104508506
388.1118881	0.103023578
389.4736842	0.101570447
390.8450704	0.100148207
392.2261484	0.098755983
393.6170213	0.097392932
395.0177936	0.096058239
396.4285714	0.094751118
397.8494624	0.093470811
399.2805755	0.092216583
400.7220217	0.090987726
402.173913	0.089783555
403.6363636	0.08860341
405.1094891	0.087446649
406.5934066	0.086312656
408.0882353	0.085200831
409.5940959	0.084110596
411.1111111	0.083041391
412.6394052	0.081992675
414.1791045	0.080963923
415.7303371	0.079954627
417.2932331	0.078964297
418.8679245	0.077992454
420.4545455	0.07703864
422.0532319	0.076102406
423.6641221	0.07518332
425.2873563	0.074280961
426.9230769	0.073394923
428.5714286	0.072524812
430.2325581	0.071670244
431.9066148	0.070830849
433.59375	0.070006266
435.2941176	0.069196145
437.007874	0.068400149
438.7351779	0.067617946
440.4761905	0.066849219
442.2310757	0.066093656
444	      0.065350956
445.7831325	0.064620826
447.5806452	0.063902982
449.3927126	0.063197147
451.2195122	0.062503052
453.0612245	0.061820437
454.9180328	0.061149047
456.7901235	0.060488636
458.677686	0.059838964
460.5809129	0.059199797
462.5  	0.058570907
464.4351464	0.057952075
466.3865546	0.057343084
468.3544304	0.056743726
470.3389831	0.056153797
472.3404255	0.055573098
474.3589744	0.055001437
476.3948498	0.054438625
478.4482759	0.053884479
480.5194805	0.053338821
482.6086957	0.052801477
484.7161572	0.052272277
486.8421053	0.051751056
488.9867841	0.051237655
491.1504425	0.050731915
493.3333333	0.050233684
495.5357143	0.049742813
497.7578475	0.049259156
500	      0.048782572
502.2624434	0.048312923
504.5454545	0.047850073
506.8493151	0.047393892
509.1743119	0.04694425
511.5207373	0.046501022
513.8888889	0.046064087
516.2790698	0.045633324
518.6915888	0.045208617
521.1267606	0.044789853
523.5849057	0.044376919
526.0663507	0.043969709
528.5714286	0.043568115
531.1004785	0.043172034
533.6538462	0.042781366
536.2318841	0.04239601
538.8349515	0.042015872
541.4634146	0.041640855
544.1176471	0.041270869
546.7980296	0.040905822
549.5049505	0.040545628
552.238806	0.040190199
555	      0.039839451
557.7889447	0.039493303
560.6060606	0.039151673
563.4517766	0.038814483
566.3265306	0.038481655
569.2307692	0.038153115
572.1649485	0.037828788
575.1295337	0.037508602
578.125	0.037192487
581.1518325	0.036880374
584.2105263	0.036572194
587.3015873	0.036267883
590.4255319	0.035967374
593.5828877	0.035670604
596.7741935	0.035377512
600   	0.035088036
603.2608696	0.034802117
606.557377	0.034519696
609.8901099	0.034240717
613.2596685	0.033965123
616.6666667	0.03369286
620.1117318	0.033423873
623.5955056	0.03315811
627.1186441	0.03289552
630.6818182	0.032636052
634.2857143	0.032379656
637.9310345	0.032126284
641.6184971	0.031875888
645.3488372	0.031628422
649.122807	0.03138384
652.9411765	0.031142096
656.8047337	0.030903148
660.7142857	0.030666951
664.6706587	0.030433464
668.6746988	0.030202645
672.7272727	0.029974453
676.8292683	0.029748848
680.9815951	0.029525792
685.1851852	0.029305246
689.4409938	0.029087172
693.75	0.028871533
698.1132075	0.028658293
702.5316456	0.028447417
707.0063694	0.028238868
711.5384615	0.028032614
716.1290323	0.02782862
720.7792208	0.027626854
725.4901961	0.027427282
730.2631579	0.027229874
735.0993377	0.027034597
740     	0.026841421
744.966443	0.026650316
750	      0.026461252
755.1020408	0.026274201
760.2739726	0.026089133
765.5172414	0.02590602
770.8333333	0.025724836
776.2237762	0.025545552
781.6901408	0.025368143
787.2340426	0.025192582
792.8571429	0.025018843
798.5611511	0.024846902
804.3478261	0.024676732
810.2189781	0.024508311
816.1764706	0.024341615
822.2222222	0.024176618
828.358209	0.024013299
834.5864662	0.023851635
840.9090909	0.023691603
847.3282443	0.023533182
853.8461538	0.023376349
860.4651163	0.023221084
867.1875	0.023067365
874.015748	0.022915173
880.952381	0.022764486
888	      0.022615285
895.1612903	0.022467551
902.4390244	0.022321263
909.8360656	0.022176405
917.3553719	0.022032955
925	      0.021890898
932.7731092	0.021750213
940.6779661	0.021610885
948.7179487	0.021472895
956.8965517	0.021336225
965.2173913	0.021200861
973.6842105	0.021066783
982.300885	0.020933978
991.0714286	0.020802427
1000   	0.020672116
